M:
 -0.519769  -0.839238  -0.159748
   0.85236  -0.522053 -0.0306919
-0.0576394  -0.152116   0.986681
s:
 9.53175e-06
-3.34834e-05
-1.14448e-05
 0.000217961
-0.000765659
-0.000261707
P:
 0.00101765           0           0 8.74629e-05           0           0
          0  0.00101765           0           0 8.74629e-05           0
          0           0    0.101008           0           0 8.74629e-05
8.74629e-05           0           0       0.002           0           0
          0 8.74629e-05           0           0       0.002           0
          0           0 8.74629e-05           0           0       0.002
K:
  0.0291543           0           0
          0   0.0291543           0
          0           0    0.990197
   0.666667           0           0
          0    0.666667           0
          0           0 0.000857415
E:
    0
    0
0.437
Ec:
 0.000217961
-0.000765659
-1.15993e-05
sf:
 3.17725e-06
-1.11611e-05
    0.432716
 7.26537e-05
 -0.00025522
 0.000112993
Pf:
  0.0010151           0           0 2.91543e-05           0           0
          0   0.0010151           0           0 2.91543e-05           0
          0           0  0.00099019           0           0 8.57406e-07
2.91543e-05           0           0 0.000666667           0           0
          0 2.91543e-05           0           0 0.000666667           0
          0           0 8.57413e-07           0           0  0.00199993
M:
 -0.519817    -0.8393  -0.159264
  0.852333  -0.522112  -0.030445
-0.0576011  -0.151572   0.986767
s:
-4.04646e-05
 -9.0342e-05
     0.43261
 -0.00081521
 -0.00109203
 -0.00192448
P:
 0.00203116           0           0 0.000107518           0           0
          0  0.00203116           0           0 0.000107518           0
          0           0  0.00201802           0           0 0.000235938
0.000107518           0           0  0.00166667           0           0
          0 0.000107518           0           0  0.00166667           0
          0           0 0.000235938           0           0  0.00299993
K:
0.0403191         0         0
        0 0.0403191         0
        0         0  0.668657
    0.625         0         0
        0     0.625         0
        0         0 0.0781764
E:
0
0
0
Ec:
-0.00081521
-0.00109203
   0.438411
sf:
-7.59608e-06
-4.63126e-05
    0.139463
-0.000305704
 -0.00040951
  -0.0361979
Pf:
 0.00202683           0           0 4.03191e-05           0           0
          0  0.00202683           0           0 4.03191e-05           0
          0           0 0.000668658           0           0 7.81765e-05
4.03191e-05           0           0    0.000625           0           0
          0 4.03191e-05           0           0    0.000625           0
          0           0 7.81765e-05           0           0  0.00298148
M:
  -0.51956  -0.839388   -0.15964
  0.852489   -0.52185 -0.0305941
-0.0576276  -0.151987   0.986701
s:
0.000104593
5.01224e-05
   0.135143
 0.00213739
 0.00198398
   -0.03433
P:
 0.00304609           0           0 0.000116881           0           0
          0  0.00304609           0           0 0.000116881           0
          0           0  0.00173255           0           0 0.000443403
0.000116881           0           0    0.001625           0           0
          0 0.000116881           0           0    0.001625           0
          0           0 0.000443403           0           0  0.00398148
K:
0.044526        0        0
       0 0.044526        0
       0        0 0.634041
0.619048        0        0
       0 0.619048        0
       0        0 0.162267
E:
0
0
0
Ec:
0.00213739
0.00198398
  0.136964
sf:
 9.42402e-06
-3.82161e-05
   0.0483018
 0.000814244
 0.000755801
  -0.0565548
Pf:
 0.00304088           0           0  4.4526e-05           0           0
          0  0.00304088           0           0  4.4526e-05           0
          0           0 0.000634041           0           0 0.000162267
 4.4526e-05           0           0 0.000619048           0           0
          0  4.4526e-05           0           0 0.000619048           0
          0           0 0.000162267           0           0  0.00390953
M:
 -0.519541  -0.839413  -0.159571
  0.852501  -0.521831 -0.0305676
-0.0576102  -0.151916   0.986713
s:
0.000125489
 6.0572e-05
  0.0435681
  0.0020011
 0.00164045
 -0.0582679
P:
 0.00405243           0           0 9.55677e-05           0           0
          0  0.00405243           0           0 9.55677e-05           0
          0           0  0.00168738           0           0 0.000484616
9.55677e-05           0           0  0.00161905           0           0
          0 9.55677e-05           0           0  0.00161905           0
          0           0 0.000484616           0           0  0.00490953
K:
0.0364895         0         0
        0 0.0364895         0
        0         0   0.62789
 0.618182         0         0
        0  0.618182         0
        0         0   0.18033
E:
    0
    0
0.373
Ec:
 0.0020011
0.00164045
 0.0441548
sf:
5.24703e-05
 7.1268e-07
   0.250047
0.000764056
0.000626355
 0.00103287
Pf:
 0.00404895           0           0 3.64895e-05           0           0
          0  0.00404895           0           0 3.64895e-05           0
          0           0  0.00062789           0           0  0.00018033
3.64895e-05           0           0 0.000618182           0           0
          0 3.64895e-05           0           0 0.000618182           0
          0           0  0.00018033           0           0  0.00482214
M:
 -0.519383  -0.839399  -0.160157
  0.852596  -0.521659 -0.0308646
-0.0576396   -0.15258   0.986609
s:
3.35355e-05
0.000186304
   0.250173
-0.00106108
 0.00228495
0.000952062
P:
  0.0050683           0           0 0.000115306           0           0
          0   0.0050683           0           0 0.000115306           0
          0           0  0.00175226           0           0  0.00079514
0.000115306           0           0  0.00161818           0           0
          0 0.000115306           0           0  0.00161818           0
          0           0  0.00079514           0           0  0.00582214
K:
0.0440405         0         0
        0 0.0440405         0
        0         0  0.636662
 0.618055         0         0
        0  0.618055         0
        0         0  0.288904
E:
    0
    0
0.418
Ec:
-0.00106108
 0.00228495
   0.253569
sf:
 8.02659e-05
 8.56741e-05
     0.35486
-0.000405273
 0.000872725
   0.0484569
Pf:
 0.00506322           0           0 4.40405e-05           0           0
          0  0.00506322           0           0 4.40405e-05           0
          0           0 0.000636662           0           0 0.000288904
4.40405e-05           0           0 0.000618056           0           0
          0 4.40405e-05           0           0 0.000618056           0
          0           0 0.000288904           0           0  0.00559242
M:
 -0.519244  -0.839424  -0.160477
  0.852676  -0.521522 -0.0309636
-0.0577007  -0.152913   0.986554
s:
 9.88528e-06
  3.2194e-05
    0.360504
-0.000791891
 -0.00178241
   0.0475467
P:
 0.00608212           0           0 0.000116711           0           0
          0  0.00608212           0           0 0.000116711           0
          0           0  0.00178191           0           0 0.000946455
0.000116711           0           0  0.00161806           0           0
          0 0.000116711           0           0  0.00161806           0
          0           0 0.000946455           0           0  0.00659242
K:
0.0445792         0         0
        0 0.0445792         0
        0         0  0.640535
 0.618037         0         0
        0  0.618037         0
        0         0  0.340217
E:
    0
    0
0.409
Ec:
-0.000791891
 -0.00178241
    0.365418
sf:
 4.51871e-05
 0.000111653
     0.38842
-0.000302473
-0.000680815
   0.0623741
Pf:
 0.00607692           0           0 4.45792e-05           0           0
          0  0.00607692           0           0 4.45792e-05           0
          0           0 0.000640535           0           0 0.000340217
4.45792e-05           0           0 0.000618037           0           0
          0 4.45792e-05           0           0 0.000618037           0
          0           0 0.000340217           0           0  0.00627042
M:
 -0.519068  -0.839408  -0.161126
  0.852772  -0.521355 -0.0311371
-0.0578673  -0.153566   0.986442
s:
 0.000120841
 4.05507e-05
     0.39383
  0.00203325
-0.000945821
   0.0613828
P:
 0.00708944           0           0 9.86092e-05           0           0
          0  0.00708944           0           0 9.86092e-05           0
          0           0  0.00174794           0           0 0.000888389
9.86092e-05           0           0  0.00161804           0           0
          0 9.86092e-05           0           0  0.00161804           0
          0           0 0.000888389           0           0  0.00727042
K:
0.0376653         0         0
        0 0.0376653         0
        0         0  0.636091
 0.618034         0         0
        0  0.618034         0
        0         0  0.323293
E:
    0
    0
0.362
Ec:
  0.00203325
-0.000945821
    0.399243
sf:
  4.4258e-05
 7.61753e-05
     0.37014
 0.000776631
-0.000361271
   0.0493426
Pf:
 0.00708572           0           0 3.76653e-05           0           0
          0  0.00708572           0           0 3.76653e-05           0
          0           0 0.000636091           0           0 0.000323293
3.76653e-05           0           0 0.000618034           0           0
          0 3.76653e-05           0           0 0.000618034           0
          0           0 0.000323293           0           0  0.00698321
M:
 -0.519108  -0.839443  -0.160821
  0.852749  -0.521403 -0.0309678
 -0.057857  -0.153216   0.986498
s:
0.000246917
-7.5145e-05
   0.375945
 0.00267291
-0.00221441
  0.0494645
P:
 0.00810311           0           0 0.000110284           0           0
          0  0.00810311           0           0 0.000110284           0
          0           0  0.00180848           0           0  0.00114382
0.000110284           0           0  0.00161803           0           0
          0 0.000110284           0           0  0.00161803           0
          0           0  0.00114382           0           0  0.00798321
K:
0.0421247         0         0
        0 0.0421247         0
        0         0  0.643935
 0.618034         0         0
        0  0.618034         0
        0         0  0.407273
E:
    0
    0
0.337
Ec:
 0.00267291
-0.00221441
   0.381091
sf:
 0.000134322
 1.81363e-05
    0.347554
  0.00102096
-0.000845829
   0.0315076
Pf:
 0.00809846           0           0 4.21247e-05           0           0
          0  0.00809846           0           0 4.21247e-05           0
          0           0 0.000643935           0           0 0.000407273
4.21247e-05           0           0 0.000618034           0           0
          0 4.21247e-05           0           0 0.000618034           0
          0           0 0.000407273           0           0  0.00751737
M:
 -0.519049  -0.839394  -0.161261
  0.852784  -0.521329 -0.0312306
-0.0578552  -0.153731   0.986418
s:
 0.000116374
-0.000273841
    0.351637
 -0.00130803
 -0.00382408
   0.0337971
P:
 0.00911866           0           0 0.000119408           0           0
          0  0.00911866           0           0 0.000119408           0
          0           0  0.00186334           0           0  0.00134729
0.000119408           0           0  0.00161803           0           0
          0 0.000119408           0           0  0.00161803           0
          0           0  0.00134729           0           0  0.00851737
K:
0.0456096         0         0
        0 0.0456096         0
        0         0  0.650757
 0.618034         0         0
        0  0.618034         0
        0         0  0.470532
E:
   0
   0
0.36
Ec:
-0.00130803
-0.00382408
   0.356478
sf:
 0.000176032
-9.94261e-05
    0.353928
-0.000499621
 -0.00146067
   0.0354541
Pf:
 0.00911322           0           0 4.56096e-05           0           0
          0  0.00911322           0           0 4.56096e-05           0
          0           0 0.000650757           0           0 0.000470532
4.56096e-05           0           0 0.000618034           0           0
          0 4.56096e-05           0           0 0.000618034           0
          0           0 0.000470532           0           0  0.00788342
M:
 -0.518903  -0.839342  -0.162001
  0.852885  -0.521124 -0.0318714
-0.0576717  -0.154707   0.986276
s:
 0.000113511
-0.000189432
    0.358419
-0.000521493
-9.33441e-06
   0.0378879
P:
  0.0101337           0           0 0.000121292           0           0
          0   0.0101337           0           0 0.000121292           0
          0           0  0.00188421           0           0  0.00143591
0.000121292           0           0  0.00161803           0           0
          0 0.000121292           0           0  0.00161803           0
          0           0  0.00143591           0           0  0.00888342
K:
0.0463295         0         0
        0 0.0463295         0
        0         0  0.653285
 0.618034         0         0
        0  0.618034         0
        0         0  0.497852
E:
  0
  0
0.3
Ec:
-0.000521493
-9.33441e-06
    0.363406
sf:
 0.000137671
   -0.000189
    0.316996
-0.000199193
-3.56543e-06
  0.00632097
Pf:
   0.010128           0           0 4.63295e-05           0           0
          0    0.010128           0           0 4.63295e-05           0
          0           0 0.000653285           0           0 0.000497852
4.63295e-05           0           0 0.000618034           0           0
          0 4.63295e-05           0           0 0.000618034           0
          0           0 0.000497852           0           0  0.00816855
M:
 -0.519035  -0.839559  -0.160447
    0.8528  -0.521327 -0.0308433
-0.0577502  -0.152838   0.986562
s:
 0.000356585
-0.000283263
      0.3173
  0.00548899
 -0.00227419
  0.00102058
P:
  0.0111399           0           0 9.74832e-05           0           0
          0   0.0111399           0           0 9.74832e-05           0
          0           0  0.00179166           0           0  0.00117395
9.74832e-05           0           0  0.00161803           0           0
          0 9.74832e-05           0           0  0.00161803           0
          0           0  0.00117395           0           0  0.00916855
K:
0.0372353         0         0
        0 0.0372353         0
        0         0   0.64179
 0.618034         0         0
        0  0.618034         0
        0         0  0.420521
E:
    0
    0
0.348
Ec:
 0.00548899
-0.00227419
   0.321622
sf:
 0.000152201
-0.000198583
    0.334229
  0.00209661
-0.000868665
    0.012113
Pf:
  0.0111363           0           0 3.72353e-05           0           0
          0   0.0111363           0           0 3.72353e-05           0
          0           0  0.00064179           0           0 0.000420521
3.72353e-05           0           0 0.000618034           0           0
          0 3.72353e-05           0           0 0.000618034           0
          0           0 0.000420521           0           0  0.00867488
M:
 -0.519094  -0.839679  -0.159628
  0.852764  -0.521415 -0.0303364
-0.0577598  -0.151873   0.986711
s:
 0.000433817
-0.000302174
    0.335779
  0.00250773
-0.000825012
    0.013219
P:
  0.0121547           0           0 0.000112837           0           0
          0   0.0121547           0           0 0.000112837           0
          0           0  0.00187448           0           0  0.00148169
0.000112837           0           0  0.00161803           0           0
          0 0.000112837           0           0  0.00161803           0
          0           0  0.00148169           0           0  0.00967488
K:
0.0430999         0         0
        0 0.0430999         0
        0         0  0.652111
 0.618034         0         0
        0  0.618034         0
        0         0  0.515463
E:
    0
    0
0.339
Ec:
  0.00250773
-0.000825012
    0.340301
sf:
 0.000325734
-0.000266616
     0.33493
 0.000957866
-0.000315127
   0.0125484
Pf:
  0.0121498           0           0 4.30999e-05           0           0
          0   0.0121498           0           0 4.30999e-05           0
          0           0 0.000652111           0           0 0.000515463
4.30999e-05           0           0 0.000618034           0           0
          0 4.30999e-05           0           0 0.000618034           0
          0           0 0.000515463           0           0  0.00891113
M:
 -0.519144   -0.83975  -0.159091
   0.85274  -0.521466 -0.0301318
-0.0576572  -0.151306   0.986804
s:
 0.000406306
-0.000293531
    0.336388
 0.000358561
-0.000124631
   0.0112667
P:
  0.0131696           0           0 0.000118753           0           0
          0   0.0131696           0           0 0.000118753           0
          0           0  0.00191183           0           0  0.00160627
0.000118753           0           0  0.00161803           0           0
          0 0.000118753           0           0  0.00161803           0
          0           0  0.00160627           0           0  0.00991113
K:
0.0453596         0         0
        0 0.0453596         0
        0         0  0.656573
 0.618034         0         0
        0  0.618034         0
        0         0  0.551634
E:
    0
    0
0.345
Ec:
 0.000358561
-0.000124631
    0.340886
sf:
 0.000390041
-0.000287878
    0.339089
 0.000136958
 -4.7605e-05
    0.013536
Pf:
  0.0131642           0           0 4.53596e-05           0           0
          0   0.0131642           0           0 4.53596e-05           0
          0           0 0.000656573           0           0 0.000551634
4.53596e-05           0           0 0.000618034           0           0
          0 4.53596e-05           0           0 0.000618034           0
          0           0 0.000551634           0           0  0.00902505
M:
 -0.519089  -0.839732  -0.159362
  0.852776  -0.521396  -0.030332
-0.0576199  -0.151645   0.986754
s:
 0.000416015
-0.000413758
    0.340412
 0.000456378
 -0.00282805
   0.0166778
P:
 0.0141769          0          0 9.9468e-05          0          0
         0  0.0141769          0          0 9.9468e-05          0
         0          0 0.00182234          0          0 0.00134177
9.9468e-05          0          0 0.00161803          0          0
         0 9.9468e-05          0          0 0.00161803          0
         0          0 0.00134177          0          0  0.0100251
K:
0.0379934         0         0
        0 0.0379934         0
        0         0  0.645684
 0.618034         0         0
        0  0.618034         0
        0         0  0.475411
E:
    0
    0
0.319
Ec:
0.000456378
-0.00282805
   0.344981
sf:
 0.000398675
-0.000306311
    0.323636
 0.000174321
 -0.00108022
  0.00432606
Pf:
  0.0141731           0           0 3.79934e-05           0           0
          0   0.0141731           0           0 3.79934e-05           0
          0           0 0.000645684           0           0 0.000475411
3.79934e-05           0           0 0.000618034           0           0
          0 3.79934e-05           0           0 0.000618034           0
          0           0 0.000475411           0           0  0.00938716
M:
 -0.519067  -0.839711  -0.159544
   0.85279  -0.521366 -0.0304542
 -0.057608  -0.151865   0.986721
s:
 0.000327289
-0.000353129
    0.324313
 -0.00133993
 0.000315769
  0.00672592
P:
  0.0151917           0           0 0.000113695           0           0
          0   0.0151917           0           0 0.000113695           0
          0           0  0.00190299           0           0  0.00162522
0.000113695           0           0  0.00161803           0           0
          0 0.000113695           0           0  0.00161803           0
          0           0  0.00162522           0           0   0.0103872
K:
0.0434276         0         0
        0 0.0434276         0
        0         0  0.655527
 0.618034         0         0
        0  0.618034         0
        0         0  0.559845
E:
  0
  0
0.3
Ec:
-0.00133993
0.000315769
   0.328677
sf:
 0.000385479
-0.000366842
    0.305514
-0.000511808
 0.000120613
 -0.00932894
Pf:
  0.0151868           0           0 4.34276e-05           0           0
          0   0.0151868           0           0 4.34276e-05           0
          0           0 0.000655527           0           0 0.000559845
4.34276e-05           0           0 0.000618034           0           0
          0 4.34276e-05           0           0 0.000618034           0
          0           0 0.000559845           0           0  0.00947729
M:
-0.519059 -0.839707 -0.159596
 0.852798 -0.521347 -0.030538
-0.057562 -0.151954   0.98671
s:
 0.000467404
-0.000220001
     0.30432
  0.00190674
  0.00237963
  -0.0109953
P:
  0.0162055           0           0 0.000116023           0           0
          0   0.0162055           0           0 0.000116023           0
          0           0  0.00191781           0           0  0.00167306
0.000116023           0           0  0.00161803           0           0
          0 0.000116023           0           0  0.00161803           0
          0           0  0.00167306           0           0   0.0104773
K:
0.0443167         0         0
        0 0.0443167         0
        0         0  0.657277
 0.618034         0         0
        0  0.618034         0
        0         0  0.573396
E:
  0
  0
0.3
Ec:
0.00190674
0.00237963
  0.308419
sf:
 0.000382903
-0.000325459
    0.298787
 0.000728311
 0.000908937
  -0.0158229
Pf:
  0.0162004           0           0 4.43167e-05           0           0
          0   0.0162004           0           0 4.43167e-05           0
          0           0 0.000657277           0           0 0.000573396
4.43167e-05           0           0 0.000618034           0           0
          0 4.43167e-05           0           0 0.000618034           0
          0           0 0.000573396           0           0  0.00951796
M:
 -0.519028  -0.839664  -0.159918
  0.852816  -0.521309 -0.0307108
-0.0575799   -0.15232   0.986652
s:
 0.000417638
-0.000239664
    0.297428
 6.54001e-05
  0.00105152
  -0.0152213
P:
  0.0172129           0           0 9.84099e-05           0           0
          0   0.0172129           0           0 9.84099e-05           0
          0           0  0.00183056           0           0  0.00140645
9.84099e-05           0           0  0.00161803           0           0
          0 9.84099e-05           0           0  0.00161803           0
          0           0  0.00140645           0           0    0.010518
K:
0.0375892         0         0
        0 0.0375892         0
        0         0  0.646713
 0.618034         0         0
        0  0.618034         0
        0         0  0.496881
E:
0
0
0
Ec:
6.54001e-05
 0.00105152
   0.301452
sf:
 0.00041518
-0.00027919
   0.102475
2.49806e-05
0.000401647
  -0.165007
Pf:
  0.0172092           0           0 3.75892e-05           0           0
          0   0.0172092           0           0 3.75892e-05           0
          0           0 0.000646714           0           0 0.000496881
3.75893e-05           0           0 0.000618034           0           0
          0 3.75893e-05           0           0 0.000618034           0
          0           0 0.000496881           0           0  0.00981912
M:
 -0.518998  -0.839597  -0.160367
  0.852836  -0.521258 -0.0310153
-0.0575523  -0.152864    0.98657
s:
0.000593292
-0.00013284
  0.0831464
 0.00300732
 0.00208992
  -0.164061
P:
  0.0182265           0           0 0.000110194           0           0
          0   0.0182265           0           0 0.000110194           0
          0           0  0.00189897           0           0   0.0016504
0.000110194           0           0  0.00161803           0           0
          0 0.000110194           0           0  0.00161803           0
          0           0   0.0016504           0           0   0.0108191
K:
0.0420902         0         0
        0 0.0420902         0
        0         0   0.65505
 0.618034         0         0
        0  0.618034         0
        0         0  0.569305
E:
0
0
0
Ec:
0.00300732
0.00208992
 0.0842782
sf:
 0.000466713
-0.000220805
     0.02794
   0.0011487
 0.000798277
   -0.212041
Pf:
  0.0182219           0           0 4.20903e-05           0           0
          0   0.0182219           0           0 4.20903e-05           0
          0           0  0.00065505           0           0 0.000569305
4.20903e-05           0           0 0.000618034           0           0
          0 4.20903e-05           0           0 0.000618034           0
          0           0 0.000569305           0           0  0.00987954
M:
 -0.519022  -0.839635  -0.160092
  0.852818  -0.521298 -0.0308088
-0.0575875   -0.15252   0.986621
s:
0.000377983
  7.019e-05
 0.00173027
-0.00256628
 0.00385081
  -0.206699
P:
  0.0192421           0           0 0.000119458           0           0
          0   0.0192421           0           0 0.000119458           0
          0           0  0.00195241           0           0  0.00180606
0.000119458           0           0  0.00161803           0           0
          0 0.000119458           0           0  0.00161803           0
          0           0  0.00180606           0           0   0.0108795
K:
0.0456289         0         0
        0 0.0456289         0
        0         0  0.661293
 0.618034         0         0
        0  0.618034         0
        0         0  0.611726
E:
  0
  0
0.3
Ec:
-0.00256628
 0.00385081
 0.00175373
sf:
  0.00049508
-0.000105518
    0.198959
-0.000980234
  0.00147088
  -0.0242536
Pf:
  0.0192366           0           0 4.56289e-05           0           0
          0   0.0192366           0           0 4.56289e-05           0
          0           0 0.000661293           0           0 0.000611726
4.56289e-05           0           0 0.000618034           0           0
          0 4.56289e-05           0           0 0.000618034           0
          0           0 0.000611726           0           0  0.00977473
M:
 -0.518927  -0.839592  -0.160626
  0.852873  -0.521193 -0.0310668
-0.0576335  -0.153115   0.986526
s:
0.000750145
9.27221e-05
   0.195897
 0.00515081
 0.00177056
 -0.0258028
P:
  0.0202571           0           0 0.000121225           0           0
          0   0.0202571           0           0 0.000121225           0
          0           0  0.00195718           0           0  0.00180734
0.000121225           0           0  0.00161803           0           0
          0 0.000121225           0           0  0.00161803           0
          0           0  0.00180734           0           0   0.0107747
K:
0.0463037         0         0
        0 0.0463037         0
        0         0   0.66184
 0.618034         0         0
        0  0.618034         0
        0         0  0.611167
E:
  0
  0
0.3
Ec:
0.00515081
0.00177056
  0.198573
sf:
0.000511644
1.07387e-05
   0.263026
 0.00196744
0.000676294
  0.0361863
Pf:
  0.0202514           0           0 4.63037e-05           0           0
          0   0.0202514           0           0 4.63037e-05           0
          0           0 0.000661841           0           0 0.000611168
4.63037e-05           0           0 0.000618034           0           0
          0 4.63037e-05           0           0 0.000618034           0
          0           0 0.000611168           0           0  0.00967014
M:
 -0.518983  -0.839642  -0.160184
  0.852843  -0.521254 -0.0308684
 -0.057578  -0.152632   0.986604
s:
0.000603642
 0.00013002
   0.265913
0.000331655
 0.00230462
  0.0359749
P:
  0.0212628           0           0 9.57649e-05           0           0
          0   0.0212628           0           0 9.57649e-05           0
          0           0   0.0018216           0           0  0.00138507
9.57649e-05           0           0  0.00161803           0           0
          0 9.57649e-05           0           0  0.00161803           0
          0           0  0.00138507           0           0   0.0106701
K:
0.0365789         0         0
        0 0.0365789         0
        0         0  0.645591
 0.618034         0         0
        0  0.618034         0
        0         0  0.490881
E:
  0
  0
0.3
Ec:
0.000331655
 0.00230462
   0.269524
sf:
 0.00059151
4.57193e-05
   0.285589
0.000126681
0.000880285
  0.0509351
Pf:
  0.0212593           0           0 3.65789e-05           0           0
          0   0.0212593           0           0 3.65789e-05           0
          0           0 0.000645591           0           0 0.000490881
 3.6579e-05           0           0 0.000618034           0           0
          0  3.6579e-05           0           0 0.000618034           0
          0           0 0.000490881           0           0  0.00999024
M:
 -0.518879  -0.839644  -0.160512
  0.852894  -0.521174 -0.0308245
-0.0577729  -0.152894   0.986552
s:
0.000831261
0.000176828
   0.292022
 0.00371027
 0.00121797
  0.0520257
P:
  0.0222781           0           0 0.000113814           0           0
          0   0.0222781           0           0 0.000113814           0
          0           0   0.0019243           0           0  0.00173936
0.000113814           0           0  0.00161803           0           0
          0 0.000113814           0           0  0.00161803           0
          0           0  0.00173936           0           0   0.0109902
K:
0.0434732         0         0
        0 0.0434732         0
        0         0  0.658038
 0.618034         0         0
        0  0.618034         0
        0         0  0.594793
E:
    0
    0
0.359
Ec:
0.00371027
0.00121797
  0.296003
sf:
0.000669963
0.000123879
   0.333477
  0.0014172
0.000465223
  0.0894962
Pf:
  0.0222732           0           0 4.34732e-05           0           0
          0   0.0222732           0           0 4.34732e-05           0
          0           0 0.000658038           0           0 0.000594793
4.34732e-05           0           0 0.000618034           0           0
          0 4.34732e-05           0           0 0.000618034           0
          0           0 0.000594793           0           0  0.00995568
M:
 -0.518784  -0.839621  -0.160936
  0.852943  -0.521088 -0.0309232
-0.0578982  -0.153312    0.98648
s:
0.000853284
 0.00038017
   0.344495
 0.00157451
 0.00371732
  0.0903176
P:
  0.0232931           0           0 0.000119215           0           0
          0   0.0232931           0           0 0.000119215           0
          0           0  0.00195335           0           0  0.00181489
0.000119215           0           0  0.00161803           0           0
          0 0.000119215           0           0  0.00161803           0
          0           0  0.00181489           0           0   0.0109557
K:
0.045536        0        0
       0 0.045536        0
       0        0 0.661402
0.618034        0        0
       0 0.618034        0
       0        0 0.614518
E:
    0
    0
0.382
Ec:
0.00157451
0.00371732
  0.349216
sf:
0.000781587
0.000210898
   0.366178
0.000601409
 0.00141989
   0.110464
Pf:
  0.0232877           0           0  4.5536e-05           0           0
          0   0.0232877           0           0  4.5536e-05           0
          0           0 0.000661402           0           0 0.000614519
 4.5536e-05           0           0 0.000618034           0           0
          0  4.5536e-05           0           0 0.000618034           0
          0           0 0.000614519           0           0   0.0098404
M:
 -0.518694  -0.839683  -0.160899
  0.852996  -0.521005 -0.0308569
-0.0579193  -0.153252   0.986488
s:
 0.000776073
 0.000301547
    0.375914
-0.000727143
 0.000646993
    0.111526
P:
  0.0243004           0           0 9.97476e-05           0           0
          0   0.0243004           0           0 9.97476e-05           0
          0           0  0.00184492           0           0  0.00147768
9.97476e-05           0           0  0.00161803           0           0
          0 9.97476e-05           0           0  0.00161803           0
          0           0  0.00147768           0           0   0.0108404
K:
0.0381002         0         0
        0 0.0381002         0
        0         0  0.648496
 0.618034         0         0
        0  0.618034         0
        0         0   0.51941
E:
  0
  0
0.3
Ec:
-0.000727143
 0.000646993
    0.381063
sf:
 0.000803777
 0.000276897
    0.323345
-0.000277744
 0.000247129
   0.0694206
Pf:
  0.0242966           0           0 3.81002e-05           0           0
          0   0.0242966           0           0 3.81002e-05           0
          0           0 0.000648497           0           0  0.00051941
3.81002e-05           0           0 0.000618034           0           0
          0 3.81002e-05           0           0 0.000618034           0
          0           0  0.00051941           0           0   0.0100729
M:
 -0.518748   -0.83967  -0.160793
  0.852968   -0.52105 -0.0308819
-0.0578504  -0.153171   0.986505
s:
0.000807847
0.000283287
   0.331498
0.000347151
-0.00013816
  0.0696048
P:
   0.025314           0           0 0.000110583           0           0
          0    0.025314           0           0 0.000110583           0
          0           0  0.00190888           0           0  0.00170075
0.000110583           0           0  0.00161803           0           0
          0 0.000110583           0           0  0.00161803           0
          0           0  0.00170075           0           0   0.0110729
K:
0.0422389         0         0
        0 0.0422389         0
        0         0  0.656224
 0.618034         0         0
        0  0.618034         0
        0         0  0.584676
E:
0
0
0
Ec:
0.000347151
-0.00013816
   0.336032
sf:
 0.000793184
 0.000289123
    0.110985
   0.0001326
-5.27724e-05
   -0.126865
Pf:
  0.0253094           0           0 4.22389e-05           0           0
          0   0.0253094           0           0 4.22389e-05           0
          0           0 0.000656225           0           0 0.000584676
4.22389e-05           0           0 0.000618034           0           0
          0 4.22389e-05           0           0 0.000618034           0
          0           0 0.000584676           0           0   0.0100785
M:
 -0.518835  -0.839669   -0.16052
  0.852923  -0.521124  -0.030866
-0.0577336  -0.152926    0.98655
s:
0.000836511
0.000433337
  0.0953572
0.000574556
 0.00240652
  -0.128198
P:
   0.026329           0           0 0.000117973           0           0
          0    0.026329           0           0 0.000117973           0
          0           0  0.00195086           0           0   0.0018197
0.000117973           0           0  0.00161803           0           0
          0 0.000117973           0           0  0.00161803           0
          0           0   0.0018197           0           0   0.0110785
K:
0.0450616         0         0
        0 0.0450616         0
        0         0  0.661115
 0.618034         0         0
        0  0.618034         0
        0         0  0.616667
E:
    0
    0
0.343
Ec:
0.000574556
 0.00240652
  0.0966572
sf:
0.000810621
0.000324895
   0.258218
0.000219461
0.000919208
  0.0237137
Pf:
  0.0263237           0           0 4.50616e-05           0           0
          0   0.0263237           0           0 4.50616e-05           0
          0           0 0.000661116           0           0 0.000616667
4.50616e-05           0           0 0.000618034           0           0
          0 4.50616e-05           0           0 0.000618034           0
          0           0 0.000616667           0           0  0.00995634
M:
 -0.518837  -0.839688   -0.16041
  0.852918  -0.521139 -0.0307401
-0.0577837  -0.152766   0.986572
s:
0.000869065
0.000389458
   0.260149
 0.00119823
0.000646894
  0.0231193
P:
  0.0273353           0           0 9.60185e-05           0           0
          0   0.0273353           0           0 9.60185e-05           0
          0           0  0.00183049           0           0  0.00143757
9.60185e-05           0           0  0.00161803           0           0
          0 9.60185e-05           0           0  0.00161803           0
          0           0  0.00143757           0           0   0.0109563
K:
0.0366758         0         0
        0 0.0366758         0
        0         0  0.646704
 0.618034         0         0
        0  0.618034         0
        0         0  0.507887
E:
  0
  0
0.3
Ec:
 0.00119823
0.000646894
    0.26369
sf:
0.000825119
0.000365732
   0.283631
0.000457683
0.000247091
  0.0415608
Pf:
  0.0273318           0           0 3.66758e-05           0           0
          0   0.0273318           0           0 3.66758e-05           0
          0           0 0.000646704           0           0 0.000507887
3.66758e-05           0           0 0.000618034           0           0
          0 3.66758e-05           0           0 0.000618034           0
          0           0 0.000507887           0           0   0.0102262
M:
 -0.518825  -0.839769  -0.160027
  0.852919  -0.521159 -0.0303852
-0.0578828  -0.152254   0.986645
s:
0.000957964
0.000659141
   0.290743
 0.00115251
 0.00330928
  0.0446414
P:
  0.0283607           0           0 0.000138654           0           0
          0   0.0283607           0           0 0.000138654           0
          0           0  0.00209274           0           0  0.00219526
0.000138654           0           0  0.00161803           0           0
          0 0.000138654           0           0  0.00161803           0
          0           0  0.00219526           0           0   0.0112262
K:
0.0529612         0         0
        0 0.0529612         0
        0         0  0.676662
 0.618034         0         0
        0  0.618034         0
        0         0  0.709812
E:
    0
    0
0.462
Ec:
0.00115251
0.00330928
  0.294678
sf:
0.000896925
0.000483878
   0.403963
0.000440219
 0.00126403
   0.163408
Pf:
  0.0283534           0           0 5.29613e-05           0           0
          0   0.0283534           0           0 5.29613e-05           0
          0           0 0.000676662           0           0 0.000709813
5.29613e-05           0           0 0.000618034           0           0
          0 5.29613e-05           0           0 0.000618034           0
          0           0 0.000709813           0           0    0.009668
M:
 -0.518811  -0.839787  -0.159977
  0.852929  -0.521142 -0.0303814
-0.0578567  -0.152211   0.986653
s:
 0.00105425
0.000571854
   0.417149
 0.00348083
0.000928621
   0.165238
P:
  0.0293659           0           0 0.000102556           0           0
          0   0.0293659           0           0 0.000102556           0
          0           0  0.00185284           0           0  0.00148563
0.000102556           0           0  0.00161803           0           0
          0 0.000102556           0           0  0.00161803           0
          0           0  0.00148563           0           0    0.010668
K:
0.039173        0        0
       0 0.039173        0
       0        0 0.649472
0.618034        0        0
       0 0.618034        0
       0        0 0.520756
E:
    0
    0
0.451
Ec:
 0.00348083
0.000928621
   0.422792
sf:
0.000917896
0.000535477
   0.435469
 0.00132956
0.000354702
   0.179927
Pf:
  0.0293619           0           0  3.9173e-05           0           0
          0   0.0293619           0           0  3.9173e-05           0
          0           0 0.000649472           0           0 0.000520756
 3.9173e-05           0           0 0.000618034           0           0
          0  3.9173e-05           0           0 0.000618034           0
          0           0 0.000520756           0           0  0.00989435
M:
 -0.518777  -0.839768  -0.160191
  0.852951  -0.521099 -0.0305204
-0.0578453  -0.152469   0.986614
s:
 0.00112608
0.000724725
   0.457311
 0.00207552
 0.00274064
   0.177306
P:
  0.0303807           0           0 0.000114746           0           0
